0.0, 0.0, 0.0, 0.0, 0.0, 0.0
-0.001007403596304357, -0.0011887195287272334, 0.0006242485251277685, -0.008575395680963993, -0.01845872774720192, 1.019942283630371
-0.0022950274869799614, -0.0015120254829525948, 0.0014901729300618172, -0.01629820466041565, -0.036801695823669434, 2.0233514308929443
-0.003616943024098873, -0.0012060778681188822, 0.0025377320125699043, -0.02326788939535618, -0.05574628710746765, 3.04154896736145
-0.005012741312384605, -0.0013444873038679361, 0.0034740441478788853, -0.030907079577445984, -0.0751166045665741, 4.108117580413818
-0.006349393166601658, -0.002100122394040227, 0.003857942298054695, -0.039487406611442566, -0.0944545716047287, 5.191882610321045
-0.008016825653612614, -0.0033491873182356358, 0.004332817159593105, -0.056009262800216675, -0.11383333802223206, 6.285902976989746
-0.0097403759136796, -0.004379745572805405, 0.004812275990843773, -0.07499387860298157, -0.1331523358821869, 7.376583576202393
-0.012229014188051224, -0.004600599408149719, 0.005414933897554874, -0.09754401445388794, -0.1524045318365097, 8.462313652038574
-0.015042363665997982, -0.004489068873226643, 0.006029644515365362, -0.12338744103908539, -0.17180968821048737, 9.551758766174316
-0.01819521002471447, -0.004412089474499226, 0.006449293810874224, -0.1541837900876999, -0.1917242854833603, 10.665871620178223
-0.0211193710565567, -0.004821358248591423, 0.006882559973746538, -0.1886993944644928, -0.2122243344783783, 11.799460411071777
-0.02370183728635311, -0.005612730048596859, 0.007358448579907417, -0.22615346312522888, -0.23268114030361176, 12.944960594177246
-0.02595723606646061, -0.007935404777526855, 0.007902255281805992, -0.266873300075531, -0.2530452609062195, 14.13165283203125
-0.028304150328040123, -0.010048315860331059, 0.008565505035221577, -0.3109424114227295, -0.27420708537101746, 15.364974975585938
-0.030727995559573174, -0.010558637790381908, 0.00928486417979002, -0.35746830701828003, -0.2958175241947174, 16.599462509155273
-0.033414989709854126, -0.010515759699046612, 0.010025974363088608, -0.4086323082447052, -0.3186189830303192, 17.881288528442383
-0.036665063351392746, -0.010399382561445236, 0.01053136121481657, -0.4655727446079254, -0.3421143889427185, 19.204896926879883
-0.03926604241132736, -0.011951609514653683, 0.010847524739801884, -0.5270918607711792, -0.3659389615058899, 20.57977294921875
-0.04135490581393242, -0.014289326034486294, 0.011209091171622276, -0.591648280620575, -0.3902217149734497, 21.9865665435791
-0.042637236416339874, -0.01608470268547535, 0.012064107693731785, -0.6569221615791321, -0.41533568501472473, 23.424169540405273
-0.0442940890789032, -0.015354921109974384, 0.013767257332801819, -0.7224127650260925, -0.44139260053634644, 24.82639503479004
-0.04585644230246544, -0.01423258613795042, 0.015298684127628803, -0.7918047904968262, -0.46864432096481323, 26.25180435180664
-0.04804440960288048, -0.012371371500194073, 0.016438670456409454, -0.8636718988418579, -0.4960494339466095, 27.663251876831055
-0.049810394644737244, -0.011968303471803665, 0.01720873825252056, -0.9386126399040222, -0.5231348872184753, 29.079917907714844
-0.05177365243434906, -0.011309606023132801, 0.018097853288054466, -1.0157357454299927, -0.5493896007537842, 30.47357940673828
-0.05341492220759392, -0.011539612896740437, 0.018606752157211304, -1.0955829620361328, -0.5751080513000488, 31.87309455871582
-0.054697707295417786, -0.012216145172715187, 0.019011124968528748, -1.1771032810211182, -0.6002549529075623, 33.26170349121094
-0.05567034333944321, -0.01336685847491026, 0.019273215904831886, -1.2603458166122437, -0.6254611611366272, 34.649009704589844
-0.056700993329286575, -0.014224963262677193, 0.01976652629673481, -1.3436658382415771, -0.6499793529510498, 36.00496292114258
-0.05776853859424591, -0.014750603586435318, 0.020283984020352364, -1.4271677732467651, -0.6741309762001038, 37.330177307128906
-0.05868903174996376, -0.015404948964715004, 0.020689701661467552, -1.5114495754241943, -0.697867214679718, 38.642696380615234
-0.059764910489320755, -0.015800613909959793, 0.02122376672923565, -1.5954185724258423, -0.7213395833969116, 39.93572235107422
-0.06117112189531326, -0.015745971351861954, 0.022242125123739243, -1.679405927658081, -0.7445498704910278, 41.20219421386719
-0.06301487237215042, -0.015321404673159122, 0.023614786565303802, -1.7653616666793823, -0.7675542235374451, 42.45546340942383
-0.06484050303697586, -0.01527536939829588, 0.024792000651359558, -1.856398582458496, -0.7910760641098022, 43.743690490722656
-0.0665755346417427, -0.015868263319134712, 0.025743991136550903, -1.95150625705719, -0.8150026798248291, 45.05170822143555
-0.06840173155069351, -0.016238993033766747, 0.027086736634373665, -2.0502161979675293, -0.8395981192588806, 46.38257598876953
-0.06992857158184052, -0.01706455461680889, 0.028528328984975815, -2.1513407230377197, -0.8642022013664246, 47.725399017333984
-0.07088977098464966, -0.017966073006391525, 0.029653212055563927, -2.250838041305542, -0.8883509039878845, 49.04495620727539
-0.07156728208065033, -0.018874123692512512, 0.03085862100124359, -2.351649522781372, -0.91286700963974, 50.38029479980469
-0.07228825986385345, -0.019483953714370728, 0.032224640250205994, -2.4529833793640137, -0.9373346567153931, 51.71379470825195
-0.07314693927764893, -0.01918197236955166, 0.03401562571525574, -2.555569648742676, -0.9623757600784302, 53.050025939941406
-0.07380998134613037, -0.01929047890007496, 0.035657767206430435, -2.6583263874053955, -0.9873625636100769, 54.380741119384766
-0.07445206493139267, -0.01950809732079506, 0.037100713700056076, -2.7610995769500732, -1.0119059085845947, 55.70095443725586
-0.07487240433692932, -0.019450562074780464, 0.038611575961112976, -2.8623526096343994, -1.0360867977142334, 57.0012092590332
-0.07515951246023178, -0.01892978325486183, 0.040332239121198654, -2.963798761367798, -1.0600175857543945, 58.30315399169922
-0.07570061832666397, -0.017942992970347404, 0.04246825352311134, -3.0663628578186035, -1.0844532251358032, 59.6146125793457
-0.07638711482286453, -0.017223618924617767, 0.04450234770774841, -3.1704723834991455, -1.1091207265853882, 60.931854248046875
-0.0769224762916565, -0.017184827476739883, 0.04617781937122345, -3.2758381366729736, -1.1335580348968506, 62.25667953491211
-0.07701520621776581, -0.017890626564621925, 0.047490671277046204, -3.3817479610443115, -1.15786612033844, 63.589027404785156
-0.07718312740325928, -0.01852509006857872, 0.0487494096159935, -3.4869515895843506, -1.181498646736145, 64.91082000732422
-0.07750065624713898, -0.018866481259465218, 0.05001264438033104, -3.5924668312072754, -1.2051059007644653, 66.21941375732422
-0.07764650881290436, -0.018807891756296158, 0.05126886069774628, -3.697319269180298, -1.228621482849121, 67.51435852050781
-0.07762746512889862, -0.018439989537000656, 0.05261584371328354, -3.799600601196289, -1.2518250942230225, 68.77995300292969
-0.07803625613451004, -0.017989657819271088, 0.05416165292263031, -3.9003164768218994, -1.2746562957763672, 70.01322937011719
-0.07881158590316772, -0.017449941486120224, 0.055668335407972336, -4.002716541290283, -1.297454595565796, 71.2464599609375
-0.07967846840620041, -0.01653224602341652, 0.05750753730535507, -4.106844425201416, -1.3207074403762817, 72.48314666748047
-0.08058568090200424, -0.015050827525556087, 0.05959130823612213, -4.211175441741943, -1.3442466259002686, 73.70806121826172
-0.08139447867870331, -0.014358648099005222, 0.06145663931965828, -4.319814205169678, -1.3681435585021973, 74.96614074707031
-0.0822777971625328, -0.013913380913436413, 0.06319420784711838, -4.430549621582031, -1.3922137022018433, 76.23302459716797
-0.08377399295568466, -0.01280028186738491, 0.06539688259363174, -4.542614936828613, -1.4159330129623413, 77.48442077636719
-0.08517543971538544, -0.011904041282832623, 0.06738999485969543, -4.657008647918701, -1.4396578073501587, 78.74300384521484
-0.08677352964878082, -0.011367499828338623, 0.0694541335105896, -4.7728705406188965, -1.463205337524414, 79.99437713623047
-0.0884641781449318, -0.010919460095465183, 0.07161372900009155, -4.89242696762085, -1.4868866205215454, 81.2559585571289
-0.08985427021980286, -0.010260311886668205, 0.07391078025102615, -5.013554573059082, -1.5107659101486206, 82.5240478515625
-0.09119966626167297, -0.0091090127825737, 0.07635288685560226, -5.13857889175415, -1.535378336906433, 83.8176040649414
-0.09257286041975021, -0.007521779276430607, 0.07880150526762009, -5.265213966369629, -1.5603201389312744, 85.1094741821289
-0.09402265399694443, -0.006016275845468044, 0.08135689795017242, -5.393495559692383, -1.5852704048156738, 86.39971160888672
-0.09504678845405579, -0.0047130282036960125, 0.08345367759466171, -5.52398157119751, -1.6101655960083008, 87.70384979248047
-0.09601100534200668, -0.003293038345873356, 0.08576060086488724, -5.657243728637695, -1.6354186534881592, 89.02816772460938
-0.09728331118822098, -0.0017019625520333648, 0.08808615058660507, -5.7917680740356445, -1.6606353521347046, 90.35466766357422
-0.09847470372915268, -0.0008148276247084141, 0.08993808180093765, -5.928200721740723, -1.6857776641845703, 91.68740844726562
-0.0990743637084961, -0.0006064486806280911, 0.0913931131362915, -6.0628461837768555, -1.710315465927124, 93.00578308105469
-0.09949639439582825, -0.0007601657998748124, 0.09255468845367432, -6.1985321044921875, -1.7347084283828735, 94.3293228149414
-0.10037624835968018, 0.000936242809984833, 0.09416411817073822, -6.333341121673584, -1.7594610452651978, 95.6421890258789
-0.10193226486444473, 0.003945429343730211, 0.09590798616409302, -6.4685821533203125, -1.7840790748596191, 96.93929290771484
-0.10353751480579376, 0.006082687061280012, 0.09750582277774811, -6.603989124298096, -1.8084700107574463, 98.21631622314453
-0.10490699112415314, 0.006520187947899103, 0.09870600700378418, -6.744082927703857, -1.8325669765472412, 99.51614379882812
-0.10585066676139832, 0.005852442234754562, 0.09984979778528214, -6.88714599609375, -1.8563957214355469, 100.83018493652344
-0.10693180561065674, 0.005433855578303337, 0.10108787566423416, -7.0321760177612305, -1.8802053928375244, 102.14545440673828
-0.10861000418663025, 0.006428767926990986, 0.10282094776630402, -7.1776580810546875, -1.9040372371673584, 103.43758392333984
-0.11018779128789902, 0.007743323687463999, 0.10483159124851227, -7.324284076690674, -1.9278953075408936, 104.71781921386719
-0.11130378395318985, 0.008793149143457413, 0.10661368817090988, -7.473721027374268, -1.9520188570022583, 106.00447082519531
-0.11188099533319473, 0.008569249883294106, 0.10796493291854858, -7.629029273986816, -1.9766933917999268, 107.33070373535156
-0.11229360103607178, 0.0074726613238453865, 0.10885985195636749, -7.788041114807129, -2.001380205154419, 108.68253326416016
-0.1125786229968071, 0.006727390922605991, 0.10962828248739243, -7.944386005401611, -2.0255866050720215, 110.01496124267578
-0.11325139552354813, 0.006713234819471836, 0.11060461401939392, -8.101272583007812, -2.0498392581939697, 111.34564208984375
-0.11371369659900665, 0.0072716036811470985, 0.11163073778152466, -8.258330345153809, -2.0743677616119385, 112.68157958984375
-0.11379236727952957, 0.008082440122961998, 0.11244450509548187, -8.40904426574707, -2.0982718467712402, 113.97095489501953
-0.11389993131160736, 0.008765093050897121, 0.11305838823318481, -8.560583114624023, -2.1221225261688232, 115.26325988769531
-0.11438092589378357, 0.009759665466845036, 0.11385179311037064, -8.707359313964844, -2.144892692565918, 116.51053619384766
-0.11494576185941696, 0.010473545640707016, 0.11477954685688019, -8.854048728942871, -2.1671860218048096, 117.74966430664062
-0.1153707429766655, 0.010935598984360695, 0.11578094214200974, -9.001441955566406, -2.1892945766448975, 118.98306274414062
-0.1153775155544281, 0.010740071535110474, 0.11655976623296738, -9.151006698608398, -2.2115914821624756, 120.23612213134766
-0.11532454192638397, 0.010613624937832355, 0.11735573410987854, -9.298704147338867, -2.233530044555664, 121.47179412841797
-0.11497706919908524, 0.010813558474183083, 0.11823329329490662, -9.444753646850586, -2.2553703784942627, 122.70293426513672
-0.11489873379468918, 0.011278216727077961, 0.1194552332162857, -9.592924118041992, -2.2774596214294434, 123.95161437988281
-0.11466372758150101, 0.011487220413982868, 0.1204400509595871, -9.742467880249023, -2.2994565963745117, 125.2171630859375
-0.11422879993915558, 0.011891051195561886, 0.12149955332279205, -9.893528938293457, -2.322176218032837, 126.50482940673828
-0.11358439922332764, 0.012057077139616013, 0.12253566086292267, -10.045742988586426, -2.34562087059021, 127.81873321533203
-0.11277124285697937, 0.011895017698407173, 0.12358260154724121, -10.199104309082031, -2.368980884552002, 129.162353515625
-0.11200907081365585, 0.012195831164717674, 0.12495818734169006, -10.35318660736084, -2.3929076194763184, 130.52537536621094
-0.11168471723794937, 0.012860345654189587, 0.1264425665140152, -10.508085250854492, -2.416936159133911, 131.89797973632812
-0.11171509325504303, 0.01406996138393879, 0.12766078114509583, -10.663947105407715, -2.4409210681915283, 133.27297973632812
-0.11200636625289917, 0.01486176811158657, 0.12881606817245483, -10.821690559387207, -2.4650120735168457, 134.6525115966797
-0.1130431741476059, 0.01686583086848259, 0.13050450384616852, -10.981515884399414, -2.489185333251953, 136.0274200439453
-0.11394218355417252, 0.01844911091029644, 0.13183684647083282, -11.139875411987305, -2.513099431991577, 137.379638671875
-0.11507618427276611, 0.01889115944504738, 0.13306964933872223, -11.299760818481445, -2.536792516708374, 138.7257080078125
-0.11718688905239105, 0.019206944853067398, 0.13445928692817688, -11.461692810058594, -2.560006618499756, 140.0533905029297
-0.11981327086687088, 0.021074185147881508, 0.13656409084796906, -11.62889575958252, -2.5839149951934814, 141.39096069335938
-0.12265368551015854, 0.02293078787624836, 0.13872359693050385, -11.805257797241211, -2.6084821224212646, 142.75677490234375
-0.1252163201570511, 0.02386029064655304, 0.14035694301128387, -11.988447189331055, -2.633490800857544, 144.14230346679688
-0.12711046636104584, 0.024339089170098305, 0.14185042679309845, -12.173182487487793, -2.6586732864379883, 145.51904296875
-0.12792156636714935, 0.023542990908026695, 0.14304891228675842, -12.358987808227539, -2.683506727218628, 146.9018096923828
-0.12883777916431427, 0.022680481895804405, 0.14406509697437286, -12.543261528015137, -2.707871198654175, 148.26898193359375
-0.1299370974302292, 0.022286798804998398, 0.1452406942844391, -12.72270679473877, -2.731414556503296, 149.5921173095703
-0.13139525055885315, 0.022328007966279984, 0.14654400944709778, -12.898714065551758, -2.754089593887329, 150.8713836669922
-0.13223248720169067, 0.021664360538125038, 0.14735011756420135, -13.07404899597168, -2.7766029834747314, 152.14215087890625
-0.133050799369812, 0.021063348278403282, 0.14811284840106964, -13.252934455871582, -2.799455165863037, 153.43002319335938
-0.1341744065284729, 0.02146052196621895, 0.14923980832099915, -13.425678253173828, -2.821854829788208, 154.6632843017578
-0.13522881269454956, 0.02152182348072529, 0.15023860335350037, -13.60341739654541, -2.8444666862487793, 155.92025756835938
-0.13657842576503754, 0.02105618454515934, 0.15121401846408844, -13.788564682006836, -2.867879629135132, 157.21910095214844
-0.139121413230896, 0.02106550708413124, 0.1526399701833725, -13.97926139831543, -2.891930103302002, 158.5294952392578
-0.14234846830368042, 0.02266806550323963, 0.15489354729652405, -14.174408912658691, -2.9166359901428223, 159.83445739746094
-0.14579907059669495, 0.024495627731084824, 0.1574203372001648, -14.36971378326416, -2.9414217472076416, 161.1106719970703
-0.14860036969184875, 0.02518039010465145, 0.1594582498073578, -14.56808090209961, -2.9657998085021973, 162.3846435546875
-0.15004269778728485, 0.024781884625554085, 0.1608281433582306, -14.767352104187012, -2.989847421646118, 163.66552734375
-0.15114825963974, 0.024106165394186974, 0.16217276453971863, -14.969958305358887, -3.013873338699341, 164.96231079101562
-0.15159782767295837, 0.023545267060399055, 0.16356419026851654, -15.174466133117676, -3.0379481315612793, 166.27317810058594
-0.1520177274942398, 0.02365313284099102, 0.16540274024009705, -15.382061958312988, -3.0626072883605957, 167.60211181640625
-0.15241752564907074, 0.024305429309606552, 0.16764473915100098, -15.590179443359375, -3.0876009464263916, 168.93258666992188
-0.15324801206588745, 0.025797782465815544, 0.17035193741321564, -15.797601699829102, -3.1128931045532227, 170.24371337890625
-0.15486080944538116, 0.02813092991709709, 0.17317302525043488, -16.005752563476562, -3.1381053924560547, 171.54022216796875
-0.1562904268503189, 0.028951195999979973, 0.1748841404914856, -16.215343475341797, -3.1625022888183594, 172.8306121826172
-0.15715014934539795, 0.02864743396639824, 0.17606589198112488, -16.423402786254883, -3.186034679412842, 174.11178588867188
-0.1575646847486496, 0.027393503114581108, 0.1770586371421814, -16.627729415893555, -3.2087721824645996, 175.3686065673828
-0.15778352320194244, 0.026471946388483047, 0.1780920922756195, -16.827571868896484, -3.230811357498169, 176.59619140625
-0.1578853279352188, 0.026128973811864853, 0.17942491173744202, -17.024375915527344, -3.252779960632324, 177.8041229248047
-0.15825152397155762, 0.026546558365225792, 0.1814834624528885, -17.21963119506836, -3.274998903274536, 179.00009155273438
-0.1582033336162567, 0.027167895808815956, 0.1839204877614975, -17.41320037841797, -3.2976746559143066, 180.18873596191406
-0.15823210775852203, 0.028011642396450043, 0.186356782913208, -17.604318618774414, -3.320208787918091, 181.3630828857422
-0.15811270475387573, 0.028397582471370697, 0.18837523460388184, -17.793794631958008, -3.342351198196411, 182.52809143066406
-0.1577710211277008, 0.028693459928035736, 0.19015255570411682, -17.984285354614258, -3.3646469116210938, 183.7050018310547
-0.15805843472480774, 0.0295055340975523, 0.19209566712379456, -18.17691421508789, -3.3872694969177246, 184.88951110839844
-0.1589518040418625, 0.03188710659742355, 0.19432151317596436, -18.375011444091797, -3.410705089569092, 186.10000610351562
-0.16034498810768127, 0.034022677689790726, 0.19620096683502197, -18.58070945739746, -3.434352397918701, 187.3380584716797
-0.1611623764038086, 0.0339934304356575, 0.19715799391269684, -18.791881561279297, -3.457533597946167, 188.60536193847656
-0.16205422580242157, 0.03132304921746254, 0.19769807159900665, -19.012556076049805, -3.480438232421875, 189.91973876953125
-0.16274580359458923, 0.029116546735167503, 0.19838504493236542, -19.23748779296875, -3.503631353378296, 191.25926208496094
-0.16381680965423584, 0.028313731774687767, 0.19922201335430145, -19.463708877563477, -3.5272209644317627, 192.59735107421875
-0.16553880274295807, 0.028482025489211082, 0.20043717324733734, -19.693708419799805, -3.551570415496826, 193.9437255859375
-0.16770930588245392, 0.029197026044130325, 0.20206162333488464, -19.925241470336914, -3.5764362812042236, 195.2784881591797
-0.16958768665790558, 0.029639417305588722, 0.20348992943763733, -20.158451080322266, -3.6015431880950928, 196.6067352294922
-0.17172762751579285, 0.029676366597414017, 0.20466215908527374, -20.397537231445312, -3.626587152481079, 197.95074462890625
-0.1737535297870636, 0.02930462174117565, 0.20541974902153015, -20.640308380126953, -3.6512200832366943, 199.30032348632812
-0.17583082616329193, 0.029585029929876328, 0.20656174421310425, -20.882343292236328, -3.675570011138916, 200.63270568847656
-0.17811374366283417, 0.030208764597773552, 0.20802044868469238, -21.12528419494629, -3.7000389099121094, 201.95274353027344
-0.18005794286727905, 0.03074217587709427, 0.20975209772586823, -21.368453979492188, -3.7244503498077393, 203.2587127685547
-0.18135955929756165, 0.030938131734728813, 0.21126395463943481, -21.612627029418945, -3.748835563659668, 204.56336975097656
-0.18230515718460083, 0.03090180642902851, 0.2127435803413391, -21.856372833251953, -3.7728593349456787, 205.86155700683594
-0.18326695263385773, 0.03100096993148327, 0.2143494039773941, -22.099403381347656, -3.7966856956481934, 207.14947509765625
-0.18433086574077606, 0.031125793233513832, 0.21586862206459045, -22.344451904296875, -3.82035493850708, 208.4365234375
-0.1856609433889389, 0.031324636191129684, 0.21745073795318604, -22.58942222595215, -3.8439688682556152, 209.7139129638672
-0.18705151975154877, 0.03124500997364521, 0.21887677907943726, -22.836042404174805, -3.867417812347412, 210.98863220214844
-0.1882556825876236, 0.031268160790205, 0.22042106091976166, -23.079246520996094, -3.8900837898254395, 212.23826599121094
-0.1894269734621048, 0.031844235956668854, 0.22218309342861176, -23.322603225708008, -3.9128599166870117, 213.4831085205078
-0.1903458833694458, 0.03205866739153862, 0.22388312220573425, -23.567302703857422, -3.9357426166534424, 214.72705078125
-0.19152452051639557, 0.03188353031873703, 0.2255781888961792, -23.815263748168945, -3.95876407623291, 215.97914123535156
-0.19231535494327545, 0.03137144818902016, 0.22710008919239044, -24.06441307067871, -3.9817841053009033, 217.23374938964844
-0.1927613466978073, 0.030505461618304253, 0.22862626612186432, -24.314361572265625, -4.004772663116455, 218.49147033691406
-0.19318030774593353, 0.029383527114987373, 0.2299349457025528, -24.569751739501953, -4.028191566467285, 219.77178955078125
-0.19379477202892303, 0.027704454958438873, 0.23089495301246643, -24.83496856689453, -4.052182197570801, 221.0966339111328
-0.19406113028526306, 0.02495546266436577, 0.2314470112323761, -25.1020450592041, -4.075622081756592, 222.4376678466797
-0.19416587054729462, 0.02326774038374424, 0.2321571558713913, -25.367225646972656, -4.099270343780518, 223.7725067138672
-0.19466185569763184, 0.023331522941589355, 0.23338927328586578, -25.63181495666504, -4.123734474182129, 225.0991973876953
-0.19577360153198242, 0.023939834907650948, 0.23486723005771637, -25.89645767211914, -4.1486382484436035, 226.4154815673828
-0.19687969982624054, 0.023822464048862457, 0.2359500229358673, -26.16394805908203, -4.173769950866699, 227.7358856201172
-0.1981329768896103, 0.02349955029785633, 0.23682178556919098, -26.431804656982422, -4.1984992027282715, 229.04637145996094
-0.19944700598716736, 0.023735787719488144, 0.23762978613376617, -26.699920654296875, -4.2227864265441895, 230.34901428222656
-0.2010798305273056, 0.02451358176767826, 0.23834851384162903, -26.969600677490234, -4.246901988983154, 231.6466522216797
-0.20203840732574463, 0.02521362714469433, 0.23897616565227509, -27.238008499145508, -4.270892143249512, 232.94020080566406
-0.20277799665927887, 0.025875214487314224, 0.2400413602590561, -27.505168914794922, -4.2948737144470215, 234.2238311767578
-0.20383082330226898, 0.02652193419635296, 0.24172724783420563, -27.773250579833984, -4.318728446960449, 235.50869750976562
-0.20511402189731598, 0.026471465826034546, 0.24338491261005402, -28.04295539855957, -4.34207010269165, 236.78875732421875
-0.20628051459789276, 0.02560621127486229, 0.24496889114379883, -28.3131046295166, -4.364758491516113, 238.05987548828125
-0.2079937756061554, 0.024349961429834366, 0.2465876042842865, -28.58534812927246, -4.387282371520996, 239.32705688476562
-0.20981843769550323, 0.02367240935564041, 0.2485072910785675, -28.85080337524414, -4.409290790557861, 240.55239868164062
-0.21183033287525177, 0.02360556833446026, 0.25064408779144287, -29.116506576538086, -4.4310173988342285, 241.76612854003906
-0.21293731033802032, 0.02250981703400612, 0.25212666392326355, -29.384218215942383, -4.452422142028809, 242.98484802246094
-0.21375493705272675, 0.020790712907910347, 0.2533606290817261, -29.654842376708984, -4.4738850593566895, 244.2129364013672
-0.21507297456264496, 0.019807729870080948, 0.2547600269317627, -29.93571662902832, -4.496547222137451, 245.47677612304688
-0.21674884855747223, 0.01983959786593914, 0.2562364935874939, -30.216249465942383, -4.519537448883057, 246.7292938232422
-0.2183205634355545, 0.019478347152471542, 0.2574142515659332, -30.503599166870117, -4.542891502380371, 248.001708984375
-0.2193872183561325, 0.01873723790049553, 0.2583058178424835, -30.790315628051758, -4.565922260284424, 249.26808166503906
-0.22036218643188477, 0.01823524758219719, 0.2593393325805664, -31.072782516479492, -4.588572025299072, 250.51402282714844
-0.22210246324539185, 0.017312223091721535, 0.26049092411994934, -31.36805534362793, -4.6115803718566895, 251.79978942871094
-0.2242680788040161, 0.01619877479970455, 0.26142799854278564, -31.67182159423828, -4.634913444519043, 253.09934997558594
-0.22672304511070251, 0.015373351983726025, 0.26257601380348206, -31.968461990356445, -4.657395362854004, 254.34710693359375
-0.22893071174621582, 0.015035858377814293, 0.263714998960495, -32.241912841796875, -4.677859306335449, 255.4852752685547
-0.2306225448846817, 0.014457840472459793, 0.26467517018318176, -32.516780853271484, -4.6978535652160645, 256.623291015625
-0.23181064426898956, 0.013368364423513412, 0.2657102942466736, -32.77955627441406, -4.716882705688477, 257.7119445800781
-0.23254869878292084, 0.012529419735074043, 0.2670579254627228, -33.02837371826172, -4.735159873962402, 258.7466735839844
-0.23358695209026337, 0.012849020771682262, 0.26915881037712097, -33.27362060546875, -4.753878116607666, 259.7596435546875
-0.23490537703037262, 0.013641958124935627, 0.27163365483283997, -33.53339767456055, -4.77392578125, 260.8260803222656
-0.23617076873779297, 0.013540353626012802, 0.273853063583374, -33.803977966308594, -4.794559478759766, 261.9305114746094
-0.23730607330799103, 0.013252551667392254, 0.27599355578422546, -34.07581329345703, -4.815171718597412, 263.0347900390625
-0.2385738343000412, 0.013486896641552448, 0.27836376428604126, -34.34601974487305, -4.835453987121582, 264.1295166015625
-0.2391207218170166, 0.013293818570673466, 0.2805473208427429, -34.6239013671875, -4.855835437774658, 265.2605895996094
-0.23939087986946106, 0.012955756857991219, 0.28265124559402466, -34.89720153808594, -4.876445293426514, 266.3746337890625
-0.24038481712341309, 0.012839404866099358, 0.284436970949173, -35.16959762573242, -4.8966522216796875, 267.47381591796875
-0.2413904368877411, 0.012540149502456188, 0.2858279049396515, -35.43190002441406, -4.91578483581543, 268.5234680175781
-0.2422126829624176, 0.01194884441792965, 0.2867569923400879, -35.68668746948242, -4.934208869934082, 269.54046630859375
-0.24275296926498413, 0.011636232025921345, 0.2876144349575043, -35.93720626831055, -4.952385902404785, 270.54046630859375
-0.24304033815860748, 0.011353828944265842, 0.28836479783058167, -36.203861236572266, -4.971756935119629, 271.6023864746094
-0.24276435375213623, 0.01146070845425129, 0.28903162479400635, -36.48519515991211, -4.992872714996338, 272.72894287109375
-0.24281294643878937, 0.012602286413311958, 0.2903929054737091, -36.7838134765625, -5.016195297241211, 273.9244384765625
-0.2427770495414734, 0.013525303453207016, 0.29223766922950745, -37.09988784790039, -5.040890216827393, 275.1891174316406
-0.24252977967262268, 0.013753027655184269, 0.2937203049659729, -37.42852020263672, -5.066746711730957, 276.504638671875
-0.24290603399276733, 0.013668619096279144, 0.2946614921092987, -37.76478576660156, -5.092715740203857, 277.84381103515625
-0.24352751672267914, 0.013070771470665932, 0.2948541045188904, -38.10237121582031, -5.117715835571289, 279.18170166015625
-0.24424874782562256, 0.011742700822651386, 0.29451924562454224, -38.43631362915039, -5.1413445472717285, 280.4991760253906
-0.2453245371580124, 0.010481122881174088, 0.29430249333381653, -38.77861022949219, -5.16525936126709, 281.8390197753906
-0.2466593235731125, 0.009805704466998577, 0.29438769817352295, -39.12822723388672, -5.18950891494751, 283.19769287109375
-0.24778257310390472, 0.009517814964056015, 0.29481959342956543, -39.482933044433594, -5.214282989501953, 284.5706787109375
-0.2488262802362442, 0.008992787450551987, 0.2954910397529602, -39.847740173339844, -5.239738464355469, 285.97650146484375
-0.2500002980232239, 0.008143899030983448, 0.2962777614593506, -40.21942138671875, -5.265823841094971, 287.40081787109375
-0.2511952817440033, 0.007293118629604578, 0.2970852255821228, -40.59425735473633, -5.292072296142578, 288.8294982910156
-0.25305283069610596, 0.007206480018794537, 0.2982734143733978, -40.97451400756836, -5.318889141082764, 290.2657775878906
-0.25496238470077515, 0.0072531006298959255, 0.2995237708091736, -41.36119079589844, -5.3461737632751465, 291.7131042480469
-0.25669988989830017, 0.006751513574272394, 0.3005666732788086, -41.74303436279297, -5.372549533843994, 293.134765625
-0.2590656280517578, 0.006380727514624596, 0.30175772309303284, -42.1230354309082, -5.398749828338623, 294.53509521484375
-0.26362985372543335, 0.007126517128199339, 0.30331677198410034, -42.51116943359375, -5.425214767456055, 295.9293518066406
-0.268123596906662, 0.007297632750123739, 0.30472394824028015, -42.90797805786133, -5.451603412628174, 297.32525634765625
-0.27338337898254395, 0.008338932879269123, 0.3059597313404083, -43.31291198730469, -5.478150367736816, 298.7150573730469
-0.2792808711528778, 0.010062070563435555, 0.3073637783527374, -43.72542953491211, -5.505069255828857, 300.0937805175781
-0.2840996980667114, 0.010956230573356152, 0.3084453046321869, -44.14509963989258, -5.531946659088135, 301.4715881347656
-0.2876456677913666, 0.010617496445775032, 0.3087620437145233, -44.56135559082031, -5.558260917663574, 302.828125
-0.29021120071411133, 0.009859024547040462, 0.30884647369384766, -44.984474182128906, -5.58417272567749, 304.203125
-0.29312753677368164, 0.010160635225474834, 0.3092937767505646, -45.407127380371094, -5.610019683837891, 305.56341552734375
-0.2970016896724701, 0.010668262839317322, 0.31003764271736145, -45.83952331542969, -5.636541843414307, 306.9325256347656
-0.30097681283950806, 0.01077178493142128, 0.31064653396606445, -46.284366607666016, -5.6636738777160645, 308.3207092285156
-0.3039308190345764, 0.010579747147858143, 0.31110939383506775, -46.72405242919922, -5.690140724182129, 309.6827392578125
-0.3066695034503937, 0.010176599025726318, 0.31147387623786926, -47.169334411621094, -5.7162041664123535, 311.05023193359375
-0.30868634581565857, 0.010087376460433006, 0.31184741854667664, -47.60673904418945, -5.741665840148926, 312.3916320800781
-0.3102182447910309, 0.01000403892248869, 0.3122468888759613, -48.0467643737793, -5.767092704772949, 313.74017333984375
-0.3113648295402527, 0.00967454444617033, 0.3128114342689514, -48.49079132080078, -5.792672157287598, 315.1004333496094
-0.31267592310905457, 0.009597363881766796, 0.31364306807518005, -48.92083740234375, -5.8176116943359375, 316.41204833984375
-0.3138023912906647, 0.009585365653038025, 0.3145674467086792, -49.34523010253906, -5.8420515060424805, 317.7002258300781
-0.3151682913303375, 0.009421296417713165, 0.31539440155029297, -49.76601028442383, -5.866089344024658, 318.9693908691406
-0.31652504205703735, 0.009108350612223148, 0.3162310719490051, -50.19012451171875, -5.89036226272583, 320.2431640625
-0.31847235560417175, 0.009635364636778831, 0.31783372163772583, -50.61996841430664, -5.915402412414551, 321.5250549316406
-0.3197334110736847, 0.009221162647008896, 0.3195573687553406, -51.06122970581055, -5.941226959228516, 322.8391418457031
-0.3200676441192627, 0.008105604909360409, 0.3209267258644104, -51.506614685058594, -5.966677188873291, 324.1676940917969
-0.31959405541419983, 0.007603412959724665, 0.32277047634124756, -51.94742202758789, -5.992211818695068, 325.49053955078125
-0.3186330199241638, 0.006659395061433315, 0.32427069544792175, -52.400272369384766, -6.018332004547119, 326.8590087890625
-0.31712108850479126, 0.0059296865947544575, 0.32518380880355835, -52.845951080322266, -6.044412612915039, 328.2181396484375
-0.3154192864894867, 0.005027703009545803, 0.326151967048645, -53.2951774597168, -6.070843696594238, 329.5969543457031
-0.3139498829841614, 0.004659615457057953, 0.3272865414619446, -53.74418640136719, -6.097665309906006, 330.9850769042969
-0.3133165240287781, 0.004954460542649031, 0.32844969630241394, -54.18014144897461, -6.1237006187438965, 332.33245849609375
-0.31348755955696106, 0.005222481209784746, 0.3296146094799042, -54.614253997802734, -6.149106502532959, 333.666748046875
-0.3143037259578705, 0.004986591171473265, 0.33075541257858276, -55.05844497680664, -6.174326419830322, 335.02203369140625
-0.31568554043769836, 0.004473911132663488, 0.3317958414554596, -55.511009216308594, -6.199227333068848, 336.39093017578125
-0.3168925642967224, 0.003856590948998928, 0.3325269818305969, -55.95818328857422, -6.223959445953369, 337.7386169433594
-0.3184688985347748, 0.005046629346907139, 0.33363884687423706, -56.40095520019531, -6.248995304107666, 339.0668640136719
-0.3197062015533447, 0.006415438838303089, 0.3350658416748047, -56.84391784667969, -6.2741570472717285, 340.3999328613281
-0.32048937678337097, 0.006855321116745472, 0.33633267879486084, -57.284114837646484, -6.298593521118164, 341.72796630859375
-0.32051903009414673, 0.006245976779609919, 0.3375435173511505, -57.71807861328125, -6.3221917152404785, 343.04058837890625
-0.3203808665275574, 0.005256615579128265, 0.33879852294921875, -58.14548873901367, -6.345216751098633, 344.3349609375
-0.3204878270626068, 0.004706943407654762, 0.3403500020503998, -58.56028366088867, -6.367692947387695, 345.58642578125
-0.3207472264766693, 0.0042983549647033215, 0.3417760133743286, -58.97771072387695, -6.390406131744385, 346.84130859375
